3075 3010 3051 3077 3029 3058 3020 3062 3023 3026 3078 4108 3049 3039 3028 3057 3056 3018 3036 3019 3047 3024 3066 3040 3033 3042 3048 3016 3014 3079 3055 3080 3081 3031 3076 3046 3021 3068 3065
3010 3075 3052 3077 3029 3025 3058 3020 3035 3062 3026 3078 4108 3000 3049 3039 3028 3057 3056 3036 3060 3019 3047 3066 3007 3040 3042 3048 3016 3014 3079 3055 3080 3081 3046 3068 3065
3051 3075 3006 3052 3077 3058 3011 3023 3059 3026 3064 3069 3028 3053 3056 3018 3022 3082 3024 3067 3005 3027 3074 3030 3040 3054 3033 3042 3063 3009 3045 3055 3008 3034 3081 3031 3076 3046 3021 3038 3068 3065
3077 3075 3010 3052 3051 3029 3025 3058 3020 3062 3023 3026 3078 3064 4108 3000 3049 3039 3028 3057 3053 3056 3018 3036 3060 3019 3047 3024 3066 3007 3040 3033 3042 3048 3016 3014 3079 3055 3080 3081 3031 3076 3046 3021 3068 3065
3029 3075 3010 3052 3077 3025 3058 3020 3035 3062 3026 3078 4108 3000 3049 3039 3028 3057 3053 3056 3036 3060 3019 3047 3032 3066 3007 3040 3042 3048 3016 3014 3079 3037 3055 3080 3046 3068 3065
3058 3075 3010 3052 3051 3077 3029 3025 3035 3062 3023 3026 3078 3064 4108 3000 3039 3069 3028 3057 3053 3056 3018 3036 3060 3019 3047 3032 3024 3066 3005 3007 3027 3074 3040 3033 3042 3063 3048 3016 3014 3009 3079 3037 3055 3008 3080 3034 3081 3031 3076 3046 3021 3038 3068 3065
3020 3075 3010 3077 3029 3026 3078 4108 3049 3039 3028 3057 3056 3036 3019 3047 3040 3048 3079 3055 3080 3046 3065
3062 3075 3010 3052 3077 3029 3025 3058 3035 3023 3026 3078 3064 3000 3039 3028 3057 3053 3056 3018 3036 3060 3019 3047 3032 3024 3066 3005 3007 3027 3074 3040 3033 3042 3063 3048 3016 3014 3009 3079 3037 3055 3080 3034 3081 3031 3076 3046 3021 3038 3068 3065
3023 3075 3006 3052 3051 3077 3058 3011 3062 3059 3026 3078 3064 3069 3028 3053 3056 3018 3022 3082 3024 3067 3005 3027 3074 3030 3040 3054 3033 3042 3063 3014 3009 3045 3055 3008 3034 3081 3031 3076 3046 3021 3038 3068 3065
3026 3075 3010 3051 3077 3029 3058 3020 3062 3023 3078 4108 3049 3039 3028 3057 3056 3036 3019 3047 3024 3066 3040 3033 3042 3048 3016 3014 3079 3055 3080 3081 3031 3076 3046 3021 3068 3065
3078 3075 3010 3052 3077 3029 3025 3058 3020 3035 3062 3023 3026 3064 4108 3000 3039 3028 3057 3053 3056 3036 3060 3019 3047 3032 3024 3066 3005 3007 3027 3074 3040 3033 3042 3048 3016 3014 3079 3037 3055 3080 3034 3081 3031 3076 3046 3038 3068 3065
4108 3075 3010 3077 3029 3058 3020 3026 3078 3049 3039 3028 3057 3056 3036 3019 3047 3066 3040 3042 3048 3016 3079 3055 3080 3046 3068 3065
3049 3075 3010 3077 3029 3020 3026 4108 3039 3028 3057 3056 3036 3019 3047 3040 3048 3079 3055 3080 3046 3065
3039 3075 3010 3052 3077 3029 3025 3058 3020 3035 3062 3026 3078 4108 3000 3049 3028 3057 3053 3056 3036 3060 3019 3047 3032 3066 3007 3040 3042 3048 3016 3014 3079 3037 3055 3080 3034 3081 3046 3068 3065
3028 3075 3010 3052 3051 3077 3029 3058 3020 3062 3023 3026 3078 3064 4108 3049 3039 3069 3057 3056 3018 3036 3019 3047 3024 3066 3067 3005 3027 3030 3040 3033 3042 3063 3048 3016 3014 3079 3045 3055 3008 3080 3081 3031 3076 3046 3021 3068 3065
3057 3075 3010 3077 3029 3058 3020 3062 3026 3078 4108 3049 3039 3028 3056 3036 3019 3047 3066 3040 3042 3048 3016 3079 3055 3080 3046 3068 3065
3056 3075 3010 3052 3051 3077 3029 3025 3058 3020 3062 3023 3026 3078 3064 4108 3049 3039 3028 3057 3053 3018 3036 3060 3019 3047 3024 3066 3005 3027 3074 3030 3040 3033 3042 3063 3048 3016 3014 3079 3055 3008 3080 3081 3031 3076 3046 3021 3068 3065
3018 3075 3006 3052 3051 3077 3058 3011 3062 3023 3059 3064 3069 3028 3053 3056 3022 3082 3024 3067 3005 3027 3074 3030 3040 3054 3033 3042 3063 3014 3009 3045 3055 3008 3034 3081 3031 3076 3046 3021 3038 3068 3065
3036 3075 3010 3077 3029 3025 3058 3020 3062 3026 3078 4108 3049 3039 3028 3057 3056 3060 3019 3047 3066 3040 3042 3048 3016 3014 3079 3055 3080 3046 3068 3065
3019 3075 3010 3077 3029 3025 3058 3020 3062 3026 3078 4108 3000 3049 3039 3028 3057 3056 3036 3060 3047 3066 3007 3040 3042 3048 3016 3014 3079 3055 3080 3046 3068 3065
3047 3075 3010 3077 3029 3025 3058 3020 3062 3026 3078 4108 3049 3039 3028 3057 3056 3036 3060 3019 3066 3040 3042 3048 3016 3014 3079 3055 3080 3046 3068 3065
3024 3075 3006 3052 3051 3077 3058 3011 3062 3023 3059 3026 3078 3064 3069 3028 3053 3056 3018 3022 3082 3067 3005 3027 3074 3030 3040 3054 3033 3042 3063 3014 3009 3045 3055 3008 3080 3034 3081 3031 3076 3046 3021 3038 3068 3065
3066 3075 3010 3052 3077 3029 3025 3058 3035 3062 3026 3078 3064 4108 3000 3039 3028 3057 3053 3056 3036 3060 3019 3047 3032 3007 3027 3074 3040 3042 3048 3016 3014 3079 3037 3055 3080 3034 3081 3046 3038 3068 3065
3040 3075 3010 3051 3077 3029 3058 3020 3062 3023 3026 3078 4108 3049 3039 3028 3057 3056 3018 3036 3019 3047 3024 3066 3033 3042 3048 3016 3014 3079 3055 3080 3081 3031 3076 3046 3021 3068 3065
3033 3075 3006 3052 3051 3077 3058 3011 3062 3023 3059 3026 3078 3064 3069 3028 3053 3056 3018 3082 3024 3067 3005 3027 3074 3030 3040 3054 3042 3063 3014 3009 3045 3055 3008 3080 3034 3081 3031 3076 3046 3021 3038 3068 3065
3042 3075 3010 3052 3051 3077 3029 3025 3058 3035 3062 3023 3026 3078 3064 4108 3000 3039 3028 3057 3053 3056 3018 3036 3060 3019 3047 3032 3024 3066 3005 3007 3027 3074 3040 3033 3063 3048 3016 3014 3009 3079 3037 3055 3080 3034 3081 3031 3076 3046 3021 3038 3068 3065
3048 3075 3010 3077 3029 3025 3058 3020 3062 3026 3078 4108 3049 3039 3028 3057 3056 3036 3060 3019 3047 3066 3040 3042 3016 3014 3079 3055 3080 3046 3068 3065
3016 3075 3010 3052 3077 3029 3025 3058 3035 3062 3026 3078 3064 4108 3000 3039 3028 3057 3053 3056 3036 3060 3019 3047 3032 3066 3005 3007 3027 3074 3040 3042 3048 3014 3009 3079 3037 3055 3080 3034 3081 3076 3046 3038 3068 3065
3014 3075 3010 3052 3077 3029 3025 3058 3035 3062 3023 3026 3078 3064 3000 3039 3028 3053 3056 3018 3036 3060 3019 3047 3032 3024 3066 3005 3007 3027 3074 3040 3033 3042 3063 3048 3016 3009 3079 3037 3055 3080 3034 3081 3031 3076 3046 3021 3038 3068 3065
3079 3075 3010 3052 3077 3029 3025 3058 3020 3062 3026 3078 4108 3000 3049 3039 3028 3057 3056 3036 3060 3019 3047 3066 3007 3040 3042 3048 3016 3014 3055 3080 3081 3046 3068 3065
3055 3075 3010 3052 3051 3077 3029 3025 3058 3020 3062 3023 3026 3078 3064 4108 3049 3039 3028 3057 3056 3018 3036 3019 3047 3024 3066 3005 3027 3074 3030 3040 3033 3042 3063 3048 3016 3014 3079 3045 3008 3080 3081 3031 3076 3046 3021 3068 3065
3080 3075 3010 3052 3077 3029 3025 3058 3020 3062 3026 3078 4108 3049 3039 3028 3057 3056 3036 3060 3019 3047 3024 3066 3040 3033 3042 3048 3016 3014 3079 3055 3081 3031 3076 3046 3021 3068 3065
3081 3075 3010 3006 3052 3051 3077 3025 3058 3011 3062 3023 3059 3026 3078 3064 3039 3069 3028 3053 3056 3018 3060 3082 3024 3066 3067 3005 3027 3074 3030 3040 3054 3033 3042 3063 3016 3014 3009 3079 3045 3037 3055 3008 3080 3034 3031 3076 3046 3021 3038 3068 3065
3031 3075 3006 3052 3051 3077 3058 3011 3062 3023 3059 3026 3078 3064 3069 3028 3053 3056 3018 3082 3024 3067 3005 3027 3074 3030 3040 3054 3033 3042 3063 3014 3009 3045 3055 3008 3080 3034 3081 3076 3046 3021 3038 3068 3065
3076 3075 3006 3052 3051 3077 3058 3011 3062 3023 3059 3026 3078 3064 3069 3028 3053 3056 3018 3022 3060 3082 3024 3067 3005 3027 3074 3030 3040 3054 3033 3042 3063 3016 3014 3009 3045 3037 3055 3008 3080 3034 3081 3031 3046 3021 3038 3068 3065
3046 3075 3010 3051 3077 3029 3058 3020 3062 3023 3026 3078 4108 3049 3039 3028 3057 3056 3018 3036 3019 3047 3024 3066 3040 3033 3042 3048 3016 3014 3079 3055 3080 3081 3031 3076 3021 3068 3065
3021 3075 3006 3052 3051 3077 3058 3011 3062 3023 3059 3026 3064 3069 3028 3053 3056 3018 3082 3024 3067 3005 3027 3074 3030 3040 3054 3033 3042 3063 3014 3009 3045 3055 3008 3080 3034 3081 3031 3076 3046 3068 3065
3068 3075 3010 3052 3051 3077 3029 3025 3058 3035 3062 3023 3026 3078 3064 4108 3000 3039 3028 3057 3053 3056 3018 3036 3060 3019 3047 3032 3024 3066 3005 3007 3027 3074 3040 3033 3042 3063 3048 3016 3014 3009 3079 3037 3055 3080 3034 3081 3031 3076 3046 3021 3038 3065
3065 3075 3010 3052 3051 3077 3029 3025 3058 3020 3062 3023 3026 3078 3064 4108 3049 3039 3028 3057 3053 3056 3018 3036 3060 3019 3047 3024 3066 3005 3027 3074 3040 3033 3042 3063 3048 3016 3014 3079 3055 3080 3081 3031 3076 3046 3021 3068
3052 3010 3006 3051 3077 3029 3025 3058 3035 3062 3023 3059 3078 3064 3000 3039 3069 3028 3053 3056 3018 3060 3032 3024 3066 3067 3005 3007 3027 3074 3030 3054 3033 3042 3063 3016 3014 3009 3079 3045 3037 3055 3008 3080 3034 3081 3031 3076 3021 3038 3068 3065
3025 3010 3052 3077 3029 3058 3035 3062 3078 3064 3000 3039 3053 3056 3036 3060 3019 3047 3032 3066 3007 3027 3074 3042 3048 3016 3014 3079 3037 3055 3080 3034 3081 3038 3068 3065
3035 3010 3052 3029 3025 3058 3062 3078 3064 3000 3039 3053 3060 3032 3066 3007 3027 3074 3042 3016 3014 3009 3037 3034 3038 3068
3000 3010 3052 3077 3029 3025 3058 3035 3062 3078 3064 3039 3053 3060 3019 3032 3066 3007 3027 3074 3042 3016 3014 3009 3079 3037 3034 3038 3068
3060 3010 3052 3077 3029 3025 3058 3035 3062 3078 3064 3000 3039 3053 3056 3036 3019 3047 3032 3066 3005 3007 3027 3074 3042 3048 3016 3014 3009 3079 3037 3080 3034 3081 3076 3038 3068 3065
3007 3010 3052 3077 3029 3025 3058 3035 3062 3078 3064 3000 3039 3053 3060 3019 3032 3066 3027 3074 3042 3016 3014 3009 3079 3037 3034 3038 3068
3006 3052 3051 3011 3023 3059 3064 3069 3018 3022 3082 3024 3067 3005 3027 3074 3030 3054 3033 3063 3009 3045 3008 3081 3031 3076 3021
3011 3006 3051 3023 3059 3069 3018 3022 3082 3024 3067 3005 3027 3074 3030 3054 3033 3063 3009 3045 3008 3081 3031 3076 3021
3059 3006 3052 3051 3011 3023 3064 3069 3018 3022 3082 3024 3067 3005 3027 3074 3030 3054 3033 3063 3009 3045 3008 3081 3031 3076 3021
3064 3006 3052 3051 3077 3025 3058 3035 3062 3023 3059 3078 3000 3069 3028 3053 3056 3018 3060 3032 3024 3066 3067 3005 3007 3027 3074 3030 3054 3033 3042 3063 3016 3014 3009 3045 3037 3055 3008 3034 3081 3031 3076 3021 3038 3068 3065
3069 3006 3052 3051 3058 3011 3023 3059 3064 3028 3053 3018 3022 3082 3024 3067 3005 3027 3074 3030 3054 3033 3063 3009 3045 3008 3034 3081 3031 3076 3021 3038
3022 3006 3051 3011 3023 3059 3069 3018 3082 3024 3067 3005 3030 3054 3063 3009 3045 3008 3076
3082 3006 3051 3011 3023 3059 3069 3018 3022 3024 3067 3005 3027 3030 3054 3033 3063 3009 3045 3008 3081 3031 3076 3021
3067 3006 3052 3051 3011 3023 3059 3064 3069 3028 3018 3022 3082 3024 3005 3027 3074 3030 3054 3033 3063 3009 3045 3008 3081 3031 3076 3021
3005 3006 3052 3051 3058 3011 3062 3023 3059 3078 3064 3069 3028 3053 3056 3018 3022 3060 3082 3024 3067 3027 3074 3030 3054 3033 3042 3063 3016 3014 3009 3045 3037 3055 3008 3034 3081 3031 3076 3021 3038 3068 3065
3027 3006 3052 3051 3025 3058 3011 3035 3062 3023 3059 3078 3064 3000 3069 3028 3053 3056 3018 3060 3082 3032 3024 3066 3067 3005 3007 3074 3030 3054 3033 3042 3063 3016 3014 3009 3045 3037 3055 3008 3034 3081 3031 3076 3021 3038 3068 3065
3074 3006 3052 3051 3025 3058 3011 3035 3062 3023 3059 3078 3064 3000 3069 3053 3056 3018 3060 3032 3024 3066 3067 3005 3007 3027 3030 3054 3033 3042 3063 3016 3014 3009 3045 3037 3055 3008 3034 3081 3031 3076 3021 3038 3068 3065
3030 3006 3052 3051 3011 3023 3059 3064 3069 3028 3056 3018 3022 3082 3024 3067 3005 3027 3074 3054 3033 3063 3009 3045 3055 3008 3034 3081 3031 3076 3021 3038
3054 3006 3052 3051 3011 3023 3059 3064 3069 3018 3022 3082 3024 3067 3005 3027 3074 3030 3033 3063 3009 3045 3008 3034 3081 3031 3076 3021 3038
3063 3006 3052 3051 3058 3011 3062 3023 3059 3064 3069 3028 3053 3056 3018 3022 3082 3024 3067 3005 3027 3074 3030 3054 3033 3042 3014 3009 3045 3037 3055 3008 3034 3081 3031 3076 3021 3038 3068 3065
3009 3006 3052 3051 3058 3011 3035 3062 3023 3059 3064 3000 3069 3053 3018 3022 3060 3082 3032 3024 3067 3005 3007 3027 3074 3030 3054 3033 3042 3063 3016 3014 3045 3037 3008 3034 3081 3031 3076 3021 3038 3068
3045 3006 3052 3051 3011 3023 3059 3064 3069 3028 3018 3022 3082 3024 3067 3005 3027 3074 3030 3054 3033 3063 3009 3055 3008 3081 3031 3076 3021
3008 3006 3052 3051 3058 3011 3023 3059 3064 3069 3028 3053 3056 3018 3022 3082 3024 3067 3005 3027 3074 3030 3054 3033 3063 3009 3045 3055 3034 3081 3031 3076 3021 3038
3053 3052 3051 3077 3029 3025 3058 3035 3062 3023 3078 3064 3000 3039 3069 3056 3018 3060 3032 3024 3066 3005 3007 3027 3074 3033 3042 3063 3016 3014 3009 3037 3008 3034 3081 3031 3076 3021 3038 3068 3065
3032 3052 3029 3025 3058 3035 3062 3078 3064 3000 3039 3053 3060 3066 3007 3027 3074 3042 3016 3014 3009 3037 3034 3038 3068
3037 3052 3029 3025 3058 3035 3062 3078 3064 3000 3039 3053 3060 3032 3066 3005 3007 3027 3074 3042 3063 3016 3014 3009 3034 3081 3076 3038 3068
3034 3052 3051 3025 3058 3035 3062 3023 3078 3064 3000 3039 3069 3053 3018 3060 3032 3024 3066 3005 3007 3027 3074 3030 3054 3033 3042 3063 3016 3014 3009 3037 3008 3081 3031 3076 3021 3038 3068
3038 3052 3051 3025 3058 3035 3062 3023 3078 3064 3000 3069 3053 3018 3060 3032 3024 3066 3005 3007 3027 3074 3030 3054 3033 3042 3063 3016 3014 3009 3037 3008 3034 3081 3031 3076 3068
